             precision    recall  f1-score   support

          0       0.95      0.97      0.96     91597
          1       0.90      0.85      0.87     30613
          2       0.64      0.48      0.55       945

avg / total       0.93      0.93      0.93    123155

[[88534  2843   220]
 [ 4543 26037    33]
 [  429    64   452]]
93.3969388169
             precision    recall  f1-score   support

          0       0.95      0.97      0.96     91597
          1       0.90      0.85      0.87     30613
          2       0.67      0.48      0.56       945

avg / total       0.93      0.93      0.93    123155

[[88557  2853   187]
 [ 4623 25952    38]
 [  417    70   458]]
93.3514676627
             precision    recall  f1-score   support

          0       0.95      0.97      0.96     91597
          1       0.90      0.85      0.87     30613
          2       0.63      0.50      0.56       945

avg / total       0.93      0.93      0.93    123155

[[88498  2870   229]
 [ 4689 25882    42]
 [  406    68   471]]
93.2572774146
             precision    recall  f1-score   support

          0       0.95      0.97      0.96     91597
          1       0.90      0.85      0.87     30613
          2       0.65      0.49      0.56       945

avg / total       0.93      0.93      0.93    123155

[[88552  2830   215]
 [ 4569 26014    30]
 [  420    61   464]]
93.4026227112
             precision    recall  f1-score   support

          0       0.95      0.97      0.96     91597
          1       0.90      0.85      0.87     30613
          2       0.67      0.49      0.57       945

avg / total       0.93      0.93      0.93    123155

[[88482  2926   189]
 [ 4517 26051    45]
 [  414    64   467]]
93.3782631643
             precision    recall  f1-score   support

          0       0.95      0.97      0.96     91597
          1       0.90      0.85      0.87     30613
          2       0.64      0.49      0.55       945

avg / total       0.93      0.93      0.93    123155

[[88613  2775   209]
 [ 4664 25898    51]
 [  420    66   459]]
93.3539036174
             precision    recall  f1-score   support

          0       0.95      0.97      0.96     91597
          1       0.90      0.85      0.87     30613
          2       0.66      0.52      0.58       945

avg / total       0.93      0.93      0.93    123155

[[88479  2910   208]
 [ 4554 26011    48]
 [  391    61   493]]
93.3644594211
             precision    recall  f1-score   support

          0       0.95      0.97      0.96     91597
          1       0.90      0.85      0.87     30613
          2       0.62      0.49      0.55       945

avg / total       0.93      0.93      0.93    123155

[[88548  2812   237]
 [ 4640 25933    40]
 [  421    63   461]]
93.3311680403
             precision    recall  f1-score   support

          0       0.95      0.97      0.96     91597
          1       0.90      0.85      0.87     30613
          2       0.65      0.48      0.56       945

avg / total       0.93      0.93      0.93    123155

[[88499  2897   201]
 [ 4580 25993    40]
 [  432    57   456]]
93.3360399497
             precision    recall  f1-score   support

          0       0.95      0.96      0.96     91597
          1       0.89      0.85      0.87     30613
          2       0.63      0.49      0.55       945

avg / total       0.93      0.93      0.93    123155

[[88384  2990   223]
 [ 4559 26006    48]
 [  410    68   467]]
93.262149324
The average of accuracy:93.3434290122