             precision    recall  f1-score   support

          0       0.93      0.95      0.94     91597
          1       0.83      0.80      0.81     30613
          2       0.77      0.40      0.53       945

avg / total       0.90      0.91      0.90    123155

[[86569  4983    45]
 [ 6040 24505    68]
 [  432   131   382]]
90.5005886891
             precision    recall  f1-score   support

          0       0.92      0.95      0.94     91597
          1       0.83      0.78      0.81     30613
          2       0.76      0.38      0.50       945

avg / total       0.90      0.90      0.90    123155

[[86954  4596    47]
 [ 6661 23886    66]
 [  434   154   357]]
90.2902846007
             precision    recall  f1-score   support

          0       0.93      0.95      0.94     91597
          1       0.84      0.79      0.81     30613
          2       0.75      0.36      0.49       945

avg / total       0.90      0.90      0.90    123155

[[87004  4548    45]
 [ 6493 24051    69]
 [  459   144   342]]
90.4526815801
             precision    recall  f1-score   support

          0       0.93      0.94      0.94     91597
          1       0.83      0.80      0.81     30613
          2       0.74      0.39      0.51       945

avg / total       0.90      0.91      0.90    123155

[[86474  5072    51]
 [ 5900 24633    80]
 [  432   141   372]]
90.5192643417
             precision    recall  f1-score   support

          0       0.92      0.95      0.94     91597
          1       0.83      0.78      0.80     30613
          2       0.78      0.40      0.53       945

avg / total       0.90      0.90      0.90    123155

[[86764  4796    37]
 [ 6670 23872    71]
 [  440   126   379]]
90.1425033494
             precision    recall  f1-score   support

          0       0.94      0.93      0.93     91597
          1       0.80      0.83      0.81     30613
          2       0.70      0.36      0.48       945

avg / total       0.90      0.90      0.90    123155

[[85281  6262    54]
 [ 5200 25325    88]
 [  448   158   339]]
90.0856644066
             precision    recall  f1-score   support

          0       0.93      0.95      0.94     91597
          1       0.83      0.79      0.81     30613
          2       0.79      0.35      0.49       945

avg / total       0.90      0.90      0.90    123155

[[86876  4687    34]
 [ 6387 24172    54]
 [  480   134   331]]
90.438065852
             precision    recall  f1-score   support

          0       0.93      0.95      0.94     91597
          1       0.83      0.80      0.81     30613
          2       0.73      0.38      0.50       945

avg / total       0.90      0.91      0.90    123155

[[86734  4809    54]
 [ 6169 24365    79]
 [  443   143   359]]
90.5022126588
             precision    recall  f1-score   support

          0       0.93      0.94      0.93     91597
          1       0.81      0.81      0.81     30613
          2       0.73      0.39      0.51       945

avg / total       0.90      0.90      0.90    123155

[[85886  5652    59]
 [ 5826 24707    80]
 [  436   138   371]]
90.1010921197
             precision    recall  f1-score   support

          0       0.93      0.95      0.94     91597
          1       0.83      0.79      0.81     30613
          2       0.80      0.38      0.52       945

avg / total       0.90      0.90      0.90    123155

[[86807  4758    32]
 [ 6424 24132    57]
 [  438   144   363]]
90.3755430149
The average of accuracy:90.3407900613