             precision    recall  f1-score   support

          0       0.75      0.99      0.85     91597
          1       0.58      0.05      0.09     30613
          2       0.00      0.00      0.00       945

avg / total       0.70      0.75      0.66    123155

[[90534  1035    28]
 [29121  1489     3]
 [  916    29     0]]
74.7212861841
             precision    recall  f1-score   support

          0       0.75      0.99      0.85     91597
          1       0.63      0.05      0.09     30613
          2       0.00      0.00      0.00       945

avg / total       0.71      0.75      0.66    123155

[[90743   826    28]
 [29155  1452     6]
 [  904    41     0]]
74.8609475864
             precision    recall  f1-score   support

          0       0.75      0.99      0.85     91597
          1       0.57      0.05      0.08     30613
          2       0.00      0.00      0.00       945

avg / total       0.70      0.75      0.66    123155

[[90597  1000     0]
 [29219  1394     0]
 [  904    41     0]]
74.6953026674
             precision    recall  f1-score   support

          0       0.75      1.00      0.85     91597
          1       0.66      0.02      0.03     30613
          2       0.00      0.00      0.00       945

avg / total       0.72      0.75      0.64    123155

[[91352   222    23]
 [30143   468     2]
 [  923    22     0]]
74.55645325
             precision    recall  f1-score   support

          0       0.75      0.99      0.85     91597
          1       0.58      0.05      0.09     30613
          2       0.00      0.00      0.00       945

avg / total       0.70      0.75      0.66    123155

[[90547  1050     0]
 [29099  1514     0]
 [  897    48     0]]
74.7521416102
             precision    recall  f1-score   support

          0       0.75      1.00      0.85     91597
          1       0.56      0.02      0.03     30613
          2       0.00      0.00      0.00       945

avg / total       0.70      0.75      0.64    123155

[[91250   347     0]
 [30098   513     2]
 [  895    50     0]]
74.5101701108
             precision    recall  f1-score   support

          0       0.75      0.99      0.85     91597
          1       0.58      0.05      0.08     30613
          2       0.00      0.00      0.00       945

avg / total       0.70      0.75      0.66    123155

[[90607   990     0]
 [29213  1400     0]
 [  905    40     0]]
74.7082944257
             precision    recall  f1-score   support

          0       0.75      1.00      0.85     91597
          1       0.68      0.01      0.02     30613
          2       0.00      0.00      0.00       945

avg / total       0.72      0.75      0.64    123155

[[91420   153    24]
 [30232   379     2]
 [  922    23     0]]
74.5394015671
             precision    recall  f1-score   support

          0       0.75      0.99      0.85     91597
          1       0.57      0.05      0.09     30613
          2       0.00      0.00      0.00       945

avg / total       0.70      0.75      0.66    123155

[[90459  1109    29]
 [29087  1515    11]
 [  900    45     0]]
74.6814989241
             precision    recall  f1-score   support

          0       0.75      1.00      0.85     91597
          1       0.68      0.01      0.02     30613
          2       0.00      0.00      0.00       945

avg / total       0.72      0.75      0.64    123155

[[91463   134     0]
 [30292   321     0]
 [  926    19     0]]
74.5272217937
The average of accuracy:74.6552718119