             precision    recall  f1-score   support

          0       0.77      0.90      0.83     91597
          1       0.40      0.21      0.27     30613
          2       0.05      0.00      0.01       945

avg / total       0.67      0.72      0.68    123155

[[82048  9515    34]
 [24144  6423    46]
 [  721   220     4]]
71.8403637692
             precision    recall  f1-score   support

          0       0.76      0.92      0.83     91597
          1       0.38      0.14      0.21     30613
          2       0.17      0.00      0.00       945

avg / total       0.66      0.72      0.67    123155

[[84689  6899     9]
 [26303  4309     1]
 [  818   125     2]]
72.2666558402
             precision    recall  f1-score   support

          0       0.76      0.93      0.83     91597
          1       0.37      0.13      0.20     30613
          2       0.17      0.00      0.00       945

avg / total       0.66      0.72      0.67    123155

[[84912  6676     9]
 [26564  4048     1]
 [  829   114     2]]
72.2358004141
             precision    recall  f1-score   support

          0       0.76      0.92      0.83     91597
          1       0.39      0.16      0.23     30613
          2       0.00      0.00      0.00       945

avg / total       0.66      0.72      0.68    123155

[[84150  7447     0]
 [25732  4881     0]
 [  819   126     0]]
72.291827372
             precision    recall  f1-score   support

          0       0.76      0.93      0.83     91597
          1       0.38      0.14      0.20     30613
          2       0.05      0.00      0.00       945

avg / total       0.66      0.72      0.67    123155

[[84814  6766    17]
 [26447  4162     4]
 [  799   145     1]]
72.2479801876
             precision    recall  f1-score   support

          0       0.75      0.93      0.83     91597
          1       0.36      0.12      0.18     30613
          2       0.02      0.00      0.00       945

avg / total       0.65      0.72      0.66    123155

[[85031  6525    41]
 [26830  3740    43]
 [  814   129     2]]
72.0823352686
             precision    recall  f1-score   support

          0       0.76      0.92      0.83     91597
          1       0.37      0.14      0.20     30613
          2       0.00      0.00      0.00       945

avg / total       0.65      0.72      0.67    123155

[[84645  6952     0]
 [26433  4180     0]
 [  822   123     0]]
72.1245584832
             precision    recall  f1-score   support

          0       0.76      0.93      0.83     91597
          1       0.37      0.13      0.19     30613
          2       0.00      0.00      0.00       945

avg / total       0.65      0.72      0.67    123155

[[85005  6537    55]
 [26738  3841    34]
 [  830   115     0]]
72.1416101661
             precision    recall  f1-score   support

          0       0.76      0.92      0.83     91597
          1       0.40      0.17      0.23     30613
          2       0.11      0.00      0.01       945

avg / total       0.67      0.72      0.68    123155

[[84077  7502    18]
 [25500  5098    15]
 [  757   184     4]]
72.4120011368
             precision    recall  f1-score   support

          0       0.76      0.92      0.83     91597
          1       0.38      0.14      0.20     30613
          2       0.02      0.00      0.00       945

avg / total       0.66      0.72      0.67    123155

[[84718  6846    33]
 [26330  4252    31]
 [  812   132     1]]
72.2431082782
The average of accuracy:72.1886240916