             precision    recall  f1-score   support

          0       0.95      0.97      0.96     91597
          1       0.91      0.85      0.88     30613
          2       0.81      0.46      0.58       945

avg / total       0.94      0.94      0.94    123155

[[88957  2559    81]
 [ 4425 26171    17]
 [  453    61   431]]
93.8321627218
             precision    recall  f1-score   support

          0       0.95      0.97      0.96     91597
          1       0.91      0.85      0.88     30613
          2       0.79      0.48      0.60       945

avg / total       0.94      0.94      0.94    123155

[[89072  2422   103]
 [ 4486 26109    18]
 [  434    54   457]]
93.8963095286
             precision    recall  f1-score   support

          0       0.95      0.97      0.96     91597
          1       0.91      0.85      0.88     30613
          2       0.80      0.48      0.60       945

avg / total       0.94      0.94      0.94    123155

[[88973  2533    91]
 [ 4601 25989    23]
 [  435    53   457]]
93.7184848362
             precision    recall  f1-score   support

          0       0.95      0.97      0.96     91597
          1       0.91      0.85      0.88     30613
          2       0.80      0.44      0.57       945

avg / total       0.94      0.94      0.94    123155

[[89004  2524    69]
 [ 4453 26126    34]
 [  467    60   418]]
93.8232308879
             precision    recall  f1-score   support

          0       0.95      0.97      0.96     91597
          1       0.91      0.85      0.88     30613
          2       0.83      0.45      0.58       945

avg / total       0.94      0.94      0.94    123155

[[89063  2461    73]
 [ 4530 26066    17]
 [  465    54   426]]
93.8289147822
             precision    recall  f1-score   support

          0       0.95      0.97      0.96     91597
          1       0.92      0.85      0.88     30613
          2       0.81      0.51      0.63       945

avg / total       0.94      0.94      0.94    123155

[[89152  2357    88]
 [ 4548 26042    23]
 [  414    47   484]]
93.9287889245
             precision    recall  f1-score   support

          0       0.95      0.97      0.96     91597
          1       0.91      0.85      0.88     30613
          2       0.82      0.50      0.62       945

avg / total       0.94      0.94      0.94    123155

[[89033  2490    74]
 [ 4431 26154    28]
 [  419    58   468]]
93.9101132719
             precision    recall  f1-score   support

          0       0.95      0.97      0.96     91597
          1       0.91      0.86      0.88     30613
          2       0.76      0.46      0.57       945

avg / total       0.94      0.94      0.94    123155

[[88960  2524   113]
 [ 4336 26253    24]
 [  453    57   435]]
93.9044293776
             precision    recall  f1-score   support

          0       0.95      0.97      0.96     91597
          1       0.91      0.85      0.88     30613
          2       0.80      0.46      0.58       945

avg / total       0.94      0.94      0.94    123155

[[89038  2466    93]
 [ 4579 26016    18]
 [  454    58   433]]
93.7736998092
             precision    recall  f1-score   support

          0       0.95      0.97      0.96     91597
          1       0.91      0.85      0.88     30613
          2       0.77      0.45      0.57       945

avg / total       0.94      0.94      0.94    123155

[[89033  2464   100]
 [ 4574 26016    23]
 [  459    63   423]]
93.7615200357
The average of accuracy:93.8377654176